size of int is 4
setting timer
time used for learning is 96042
 0  0  0  0  0  0  0  0  0 -2 -2  0  0  2  2 -2 
 0  0  2 -2  2 -2 -2  2  2  0  0  2  2  0  0  0 
 0  2  0 -2  2 -2 -2  2  2  0  0  2  2  0  0  0 
 0 -2 -2  0 -2  2  2 -2 -2  0  0 -2 -2  0  0  0 
 0  2  2 -2  0 -2 -2  2  2  0  0  2  2  0  0  0 
 0 -2 -2  2 -2  0  2 -2 -2  0  0 -2 -2  0  0  0 
 0 -2 -2  2 -2  2  0 -2 -2  0  0 -2 -2  0  0  0 
 0  2  2 -2  2 -2 -2  0  2  0  0  2  2  0  0  0 
 0  2  2 -2  2 -2 -2  2  0  0  0  2  2  0  0  0 
-2  0  0  0  0  0  0  0  0  0  2  0  0 -2 -2  2 
-2  0  0  0  0  0  0  0  0  2  0  0  0 -2 -2  2 
 0  2  2 -2  2 -2 -2  2  2  0  0  0  2  0  0  0 
 0  2  2 -2  2 -2 -2  2  2  0  0  2  0  0  0  0 
 2  0  0  0  0  0  0  0  0 -2 -2  0  0  0  2 -2 
 2  0  0  0  0  0  0  0  0 -2 -2  0  0  2  0 -2 
-2  0  0  0  0  0  0  0  0  2  2  0  0 -2 -2  0 
time used for simulating is 2313986
time used for identifying feature is 2167
feature id is 1
1110
1001
1001
1110
exiting program