size of int is 4
setting timer
time used for learning is 96042
 0  0  0  0  0  0  0  0  0 -2 -2  0  0  2  2 -2 
 0  0  2 -2  2 -2 -2  2  2  0  0  2  2  0  0  0 
 0  2  0 -2  2 -2 -2  2  2  0  0  2  2  0  0  0 
 0 -2 -2  0 -2  2  2 -2 -2  0  0 -2 -2  0  0  0 
 0  2  2 -2  0 -2 -2  2  2  0  0  2  2  0  0  0 
 0 -2 -2  2 -2  0  2 -2 -2  0  0 -2 -2  0  0  0 
 0 -2 -2  2 -2  2  0 -2 -2  0  0 -2 -2  0  0  0 
 0  2  2 -2  2 -2 -2  0  2  0  0  2  2  0  0  0 
 0  2  2 -2  2 -2 -2  2  0  0  0  2  2  0  0  0 
-2  0  0  0  0  0  0  0  0  0  2  0  0 -2 -2  2 
-2  0  0  0  0  0  0  0  0  2  0  0  0 -2 -2  2 
 0  2  2 -2  2 -2 -2  2  2  0  0  0  2  0  0  0 
 0  2  2 -2  2 -2 -2  2  2  0  0  2  0  0  0  0 
 2  0  0  0  0  0  0  0  0 -2 -2  0  0  0  2 -2 
 2  0  0  0  0  0  0  0  0 -2 -2  0  0  2  0 -2 
-2  0  0  0  0  0  0  0  0  2  2  0  0 -2 -2  0 
time used for simulating is 2313500
time used for identifying feature is 2161
feature id is 0
0110
1001
1111
1001
exiting progra